0
--

2795
1423
1777
315
5243
1188
1364
2801
3649
2045
1404
1762
435
4816
833
2981
1010
4323
4626
1942
889
4773
1905
2501
758
2799
3345
1195
3549
2287
1331
358
74
3326
1403
7
3200
3573
5840
2253
4804
2594
2951
6317
1305
2601
2026
1481
5386
1565
2000
2102
1528
2876
5
2908
255
1416
3145
2115
2283
2305
6493
688
4056
1658
1915
596
3007
4000
3184
1123
3120
3931
1058
2631
817
406
125
2846
838
2565
3205
3574
2276
5296
6464
1803
1104
186
954
13515
1934
2823
2460
1276
2424
4220
315
1834
3132
1593
968
1827
4099
1048
1841
764
96
2601
2683
442
1036
1225
3011
2368
3241
917
4378
5778
1867
2486
3465
2100
3922
6653
457
2820
1452
2478
7872
2719
1526
1403
1933
2355
2335
1659
2870
3808
6
897
186
2967
1846
2466
2894
2851
3409
941
5773
4058
1289
1961
41
3608
822
122
286
13
1195
112
6651
1951
1038
4303
79
1542
3523
3145
1867
402
10
2022
351
1122
596
1480
11178
10472
2702
2145
1881
3341
2170
1955
157
1033
1610
54
4098
    3
4491
2002
83
2258
3736
1380
1408
2047
5055
1707
456
3152
898
1830
1811
2832
1595
3129
2006
4082
3194
9
2142
3607
2785
1980
5196
2926
2016
6317
4093
1777
460
567
760
2089
3449
29
883
2980
3252
3077
1486
4063
1592
3907
4222
3377
2277
2093
2695
868
1058
2869
1181
2609
3611
3967
1986
3669
2214
3514
3647
4828
1490
2031
6735
3376
1691
5391
3807
2203
2436
9964
1250
2426
3212
1582
2947
    10
1120
831
989
2858
5711
2519
2850
4619
2302
3962
3254
868
3408
4775
2589
3090
3069
3272
4380
6120
3416

2477
3420
3804
657
3137
1480
2921
1773
3918
4735
2195
2237
3948
6210
1861
5265
1718
3112
1215
1839
5616
1347
1764
2605
2472
1575
103
14
5149
1945
2393
6312
388
975
2193
2595
1495

1998
2852
2531
2017
1848
3554
4234
1952
1113
424
3488
3776
3521
1158
1486
3001
1317
3687
4618
1485
1998
1641
1292
1817
2564
6242
4656
1865
83
238
2636
4109
3363
2954
4339
2872
4118
1018
1794
1001
3918
1847
1145
157
1966
2802
3474
3277
4226
617
3474
1441
6182
715
3599
1824
3470
1336
2545
3122
2336
3139
2737
2097
2165
1657
440
2309
8150
2877
1921
3678
1593
3792
1146
3228
3197
2894
5094
1641
2031
2695
1442
2323
3867
4817
3363
2092
2576
2921
2698
3580
1646
1707
2467
2016
6047
3731
3425
617
978
3233
6958
1819
3062
5029
288
5773
616
3507
3614
3839
3383
1413
7631
7543
2374
6958
5705
1295
3161
3473
2571
626
1052
5243
2760
1298
1392
2680
1688
3281
2844
174
3841
3594
3907
553
4572
1918
576
48
1450
3224
3404
2308
1821
3327
1929
1428
3229
1651
330
354
7414
2057
61
3257
796
2075
3349
2251
2500
33
5705
144
1804
826
1963
5831
4015
379
979
5638
2663
1625
925
4585
3783
3233
715
1433
2669
1503
6210
2855
2486
4152
4765
3129
    8
1107
1163
1805
3048
5242
3004
1739
3214
2621
450
1936
972
567
7867
2323
3133
3788
2295
485
3656
615
4761
1306
520
2348
1970
1750
4602
2233
5831
4298
2731
1321
695
3614
3244
3456
2255
3988
40
509
1230
5059
1018
1431
4670
2101
6735
494
1661
3459
3806
640
934
2048
3422
1828
1581
22
454
2842
1301
3559
1158
1944
2932
4524
1949
1388
3157
24
2619
3988
2830
5175
3785
1121
3775
1407
2311
5125
2689
841
3240
12625
1663
570
4038
3262
452
2975
2844
1779
1804
5175
2575
1683
246
3007
2176
201
5049
4295
1160
49
3819
3345
3887
5713
1461
5626
2001
1186
3915
1850
56
2920

6598
930
1427
1194
5007
1381
883
1583
1327
1188
3015
285
2699
4656
3032
2176
3289
19
1518
1107
6312
4342
667
5951
3132
42
1660
2994
1984
2735
697
2256
1689
3065
682
2615
1316
1059
4621
1628
3669
698
5423
3277
4063
29
2616
4102
1845
1751
2150
1772
5080
2033
778
2778
2777
1918
2147
4158
1044

452
4433
2148
    2
1917
6247
1856
2239
3056
1876
1600
688
2095
4816
1450
1
1425
3541
2204
2692
297
5149
2882
2830
1212
2157
2785
6206
3064
3537
2996
6308
3326
2692
2186
379
23
3704
5612
2557
5626
2414
3304
2097
6585
1949
4041
2059
2721
3996
3773
1371
129
4234
2861
3893
1496
4213
1803
1196
451
4685
2015
4761
4664
7208
5288
3618
1432
35
2142
2451
2281
5084
930
1443
2080
2158
2105
626
1999
13515
1824
1136
16

2824
800
1819
3507
2794
3457
2210
4224
1401
4485
599
1383
2872
2075
42
944
4031
757
2777
1964
1869
6127
3890
2623
458
3140
796
3039
1204
4537
3360
    7
2050
    5
4606
3212
3032
4015
0
2124
2629
390
2058
    12
1608
4138
7026
3452
8629
580
1997
673
1582
740
1001
2826
540
2840
3055
1672
1662
6270
3629
829
9424
821
1758
4565
1571
2090
841
1267
5638
1927
3454
8353
119
3588
15
5029
3802
1709
3947
    9
    6
1708
3362
3305
24
3717
51
18
2153
2292
1520
4111
347
1135
3401
2384
3666
1335
2101
3354
492
2668
6842
4178
5311
2112
2153
2292
414

760
1775
3312
4029
286
284
68
3398
714

1473
2998
3184
2201
6585
5754
3906
1356
2527
580
5576
3269
1959
3488
588
2520
3099
21
1062
4029
7512
1461
139
564
3670
1149
1699
1868
1817
2901
584
1978
720
2802
2161
1679
3
1554
788
1811
1842
4000
1218
155
2554
3542
2718
354
2623
4231
2994
977
103
3861
2477
645
4385
2203
2621
3214
4522
1387
2672
2756
7872
2616
84
1469
8629
7208
5821
2569
3599
124
1704
3388
2775
1222
1398
311
2714
2315
1891
385
2993
764
3257
189
6393

513
2799
1411
1185
3405
4276
538
2383
2578
4689
4685
2145
492
918
2325
40
1176
2610
818
3922
2393
1944
2050
2835
3638
4441
632
1923
1704
1339
2943
2939
2645
327
1684
3959
217
2210
1200
3893
5080
2006
2118
742
5143
697
5821
3207
2721
620
4347
1040
3923
1368
1600
2219
5516
2698
1469
92
2659
4153
1795
2548
3476
4055
3692
4162
1676
3422
709
909
2558
1567
6112
1248
2702
2471
2575
6497
2336
2313
1632
3066
3807
1879
2748
4670
    4
4678
51
2146
1745
4081
8614
3261
3434
2384
2980
1730
1833
2472
1215
1263
250
2363
987
1925
2177
4169
506
920
2236
437
65
2466
812
2080
1489
616
3858
4639
2990
546
1997
2990
1620
725
2652
4424
3569
1076
1684
1518
55
2568
424
96
1697
1916
3803
1554
1563
3354
2824
1786
2782
4367
2388
1177
1709
1230
2796
1642
1310
382
1214
5211
1932
2188
28
2088
1891
1152
621
1454
4621
953
912
2383
1628
1996
2732
4187
3641
3384
1212
1909
3112
853
3598
3683
2090
4374
1507
5423
7325
3598
112
5143
125
509
1662
2822
2782
1916
695
1387
298
225
1426
0   
2960
3312
1217
1060
147
2544
4068
3717
4485
32
3459
3219
3150
3851
3574
1364
28
2531
1689
1233
1984
2355
50
3647
1022
673
426
2972
2049
2677
4058
2604
2523
2248
385
3882
2706
3641
2571
2998
1635
4356
1252
1295
3055
1850
2838
206
2877
1605
1745
2520
6712
2820
1667
137
1980
1336
2258
2796
849
507
84

2541
    13
1996
1983
215
1615
588
710
2440
2151
236
2431
4098
2634
2077
2895
404
4194
2697
909
2468
13865
8353
964
5930
1514
2489
2523
1263
190
2150
2247
1134
2501
3160
201
8
300
4280
2846
1435
699
1970
2706
1046
4460
1327
3821
3217
2177
1647
4137
3272
599
5612
2338
3533
366
2697
7631
4356
182
98
778
2154
1218
32
1965
4147
4637
4093
2979
4876
2148
2794
1963
5211
11960
1222
4211
2948
1768
6914
2527
1237
393
1127
1933
2440
3962
3495
2657
1971
4450
2367
3077
3878
3407
1496
3775
4524
1528
2052
3841
3047
3221
430
979
3814
416
5508
2801
3845
4
4337
1807
1645
3969
713
5868
2280
2538
6270
1033
2745
1127
2204
520
3343
5186
2313
1773
2280
2920
844
2110
2662
1281
4907
5084
2285
7867
3101
4010
3528
2329
62
6653
1746
1859
690
1211
3084
2024
3923
2241
925
7414
33
2333
4021
3304
1966
4109
2451
3844
2585
9343
2400
3476
1816
6240
3383
1087
3734
3541
1974
4220
2519
3535
5314
3885
3731
1345
3401
285
122
699
2040
2102
4039
3667
4666
1153
1885
1217
4632
3477
987
1448
1768
1464

4504
1943
2959
469
572
611
1416
2389
501
2223
1526
3133
1562
435
38
3765
9424
2237
2498
3134
68
1542
2626
443
777
8150
5660
921
1517
1669
1869
386
1522
281
3062
1257
1081
5629
1545
1456
2632
3980
3228
4932
4115
3993
4831
1808
1928
3140
1359
3261
3299
2541
3377
2143
4152
3680
2095
2789
2025
442
318
234
1960
3712
3375
2610
2426
1392
2576
506
2946
4405
1592
5629
1170
2
4183
206
1595
682
1340
819
3627
2931
2756
1211
3199
1644
3506
2015
1268
5508
37
4473
549
618
4169
3926
2574
1914
2032
3254
2133
5002
4626
1632
1149
1608
696
4054
2775
1483
3668
3438
922
3060
298
2500
2271
4433
3546
4162
1351
2052
3171
6992
158
6075
2296
2665
2453
3501
5049
4307
53


1
--

2
--

3048
3011
1797
4044
2850
158
1314
1177
5122
4405
2563
1686
73
1615
4081
2154
1087
4065
3788
518
4523
13
5778
4640
5125
2077
1427
1368
3594
2562
3030
1447
592
1917
4082
1671
2358
1308
1519
620
3137
2478
2436
1733
1190
831
1814
812
2735
1830
2901
398
2411
66
92
3198
4735
1852
6493
3189
1430
1746
4073
2752
1225
2036
6018
918
529
1925
1842
1021
1762
1303
2680
1235
419
2537
2817
1861
1620
1547
4523
1831
1808
1879
1563
1035
5335
406
4666
2852
124
2301
31
2604
5916
1747
4153
443
5752
4637
3452
2569
3535
3501
2553
2869
5576
1423
3229
5639
2256
1664
2329
1565
1345
1371
2943
3704
1530
2908
411
1780
2808
3327
474
1743
2677
1839
577
4298
4115
2295
2214
1718
1951
3285
5438
1696
4528
6359
2807
3618
2668
1702
3952
1797
4085
1685
3072
3047
2654
881
1176
3155
4938
4275
2922
2058
3515
1569
640
2229
4065
5840
2467
1818
3398
927
2306
3100
1642
1284
1827
2757
3411
1905
2572
2454
30
1456
2516
1517
2815
3667
3512
3734
2960
2159
3065
3967
4501
1702
3384
6308
48
375
1856
4351
3627
244
771
3448
2049
4723
689
4054
1599
3839
4491
4424
3487
2253
3885
2311
10607
1670
1428
1786
5680
110
4887
2317

2471
5391
1635
196
2421
1594
2184
3487
1347
5639
3362
4650
1943
4528
2332
1462
1452
2227
2453
2416
5314
4817
4336
2654
3262
4773
4374
3887
2528
7463
2314
3931
2895
10607
3100
2271
3867
940
4337
3056
1934
1885
3234
2748
5966
2439
578
139
2609
9488
2266
59
11178
2411
3980
444
3814
2807
234
2979
5504
1594
1945
1727
2133
4
2041
1025
2039
331
3456
1847
3799
4211
797
7
4215
2971
1301
2405
2729
2286
1313
4214
4039
74
5296
1541
1927
137
    14
11112
734
720
2915
3511
940
2922
9007
4473
1515
31
1331
9007
4619
2193
2997
1419
4678
43
3088
4336
722
1864
2183
795
3217
2553
3961
2876
2558
2926
2024
5044
27
2683
3960
3589
3909
5680
2745
3646
347
2401
1377
131
3205
629
1999
1794
1129
1807
1482
1104
3678
2984
2146
788
4137
3404
3200
215
4099
3969
2823
4906
351
1727
961
2301
1567
837
2247
3412
3141
4237
4317
3072
3878
1636
1525
3761
2286
2547
3252
3638
621
1950
6160
197
4689
4226
4138
2847
4069
2516
1659
76
2498
1541
829
882
409
2377
1599
2468
904
3343
4876
1876
4794
3467
2543
2984
2665
2135
9488
3580
43
2975
3224
1503
2734
3122
2348
1340
3592
6240
2503
3240
511
2261
3457
397
3318
388
3506
3636
2663
210
1929
3646
1168
168
1987
2768
2017
4213
1682
1674
518
1238
2367
5242
1859
3465
2363
3656
1703
1175
1711
2036
1799
1971
1473
8614
2712
3559
710
3388
3601
3341
2187
779
2183
934
1833
6061
661
1334
12
1964
35

2374
1515
3030
90
1495
2789
2290
969
3064
667
572
2157
3434
1852
818
2993
4794
4650
130
2309
941
3629
3514
2853
4231
6651
1845
1113
67
2143
2358
1909
1484
11960
629

3
--


2842
1679
821
1459
1658
3349
3144
3198
2131
3305
1516
2088
5
3608
1275
3234
2757
965
3467
2939
191

1417
6170
1781
1880
4743
493
1252
1062
2948
3851
2276
828
819
2038
270
1444
4750
3360
1676
1863
4068
2928
690
1611
1818
52
921
2388
7192
922
3090
3155
7463
4317
2882
648
1751
2368
587
190
742
6061
423
2815
2290
1404
2205
1359
22
3299
998
128
2168
2858
2460
1238
957
4632
3485
23
1081
1383
2430
5311
1160
619
1703
1321
7512
1607
62
2306
2337
3289
1054
4897
2992
4932
7291
3861
3053
1915
957
3736
6313
1444
3649
1531
2038
3636
3160
2424
4214
426
2033
4351
5713
4831
1868
3712
6112
1939
444
761
2026
1846
12
250
1152
889
1181
7843
2444
795
853
6992
2170
419
4572
11
1636
2503
1155
2235
2439
2712
1085
2156
3792
3687
731
1865
3993
3421
5094
1384
1638

2838
3425
6
1175
2277
1103
1986
2430
6018
2109
2131
99
2156
2634
3096
2585
3375
2932
2421
2565
1401
3150
1712
5002
2633
1674
393
1637
4537
2335
3844
2544
1386
1644
3449
4522
3285
210
4222
2458
3952
619
2769
1732
2115
3909
1453
3690
1433
25
3776
91
2029
1581
174
1995
5335
1516
953
779
1952
7291
7070
1224
135
2195
648
2130
1130
1959
837
1965
    1
2689
3004
1303
2147
3120
2188
1488
3676
2124
191
1237
4765
196
4602
2416
2954
327
2835
2338
3690
2605
3806
2554
1426
3444
1256
3573
3686
4640
    11
7026
3281
3915
1570
2580
47
1454
2548
3588
1519
4056
882
6247
4378
471
1756
13865
3123
5966
2461
4323
30
2029
1462
2325
25
17
2959
9964
2000
4585
5673
2109
844
3959
2105
1378
1995
6206
1256
2047
5265
3
4639
2719
4618
2762
334
911
441
3676
4907
757
1170
1408
3448
2431
2151
6752
3241
1010
1441
2068
175
3668
898
4062
2840
1121
1282
5917
1669
1314
1448
2315
1696
1310
1880
3508
1775
3611
2545
1073
1978
964
2093
1983
4555
537
1691
3750
3996
3099
2168
2861
2235
3680
1284
4183
5044
3210
6242
2589
1569
2580
1431
1248
1130
4268
163
458
1372
1443
3819
1250
1834
4460
2092
3407
2645
2768
2041
90
5711
4347
1429
5122
1529
1899
19
5196
45
2737
1484
3400
246
2059
1848
4268
1459
3053
168
2158
657
2037
404
2002
3485
1490
3015
5660
3197
3532
3221
2624
2992
823
3350
2564
2997
1242
3882
3084
2806
1843
2281
2624
2652
1497
2672
1281
    0:
1054
1570
4504
1781
1103
5386
4723
249
2685
12625
4143
3523
6464
3750
856
2822
4069
6842
7543
256
2699
1610
1853
3666
2227
4606
1553
5917
3379
2248
4073
1960
4750
1887
4804
1756
3821
5673
3088
2981
3152
3069
3670
5951
6170
1395
2778
2236
2044
3592
740
1795
4215
1210
182
2967
890
1955
1764
1711
26
1251
1435
2749
5059
4111

3207
2001
1682
3161
4143
1939
14
1507
1667
731
2734
6558
2414
11
265
666
714
3537
2296
2
3379
1048
1671
1895
1052
1136
2266
2837
3961
4380
5288
2110
2332
5621
2669
1894
1292
194
3066
3060
4007
471
4097
3803
3039
3761
6047
4385
411
6160
3948
1242
972
4085
3515
474
1216
1664
2574
577
295
1732
5752
1085
2763
1940
1393
975
3470
1779
3741
3808
6804
2900
2595
743
4828
4906
370
2662
456
2837
3400
6359
179
751
1055
3210
1672
507
1625
3546
5621
1530
1482
3376
3589
3533
1478
2205
1940
2951
1520
2615
2241
2749
3157
2330
1708
2186
4295
3741
1805
920
6497
2219
3139
2326
2130
2165
1643
2025
978
538
2931
2305
2161
4038
15164
386
838
3420
5868
4342
1489
4897
3858
3569
1213
127
1758
3405
2420
6127
1571
1323
3683
2865
4303
6804
4475
4450
460
1602
4044
7070
104
3189
2572
1335
576
26
1841
1233
4062
3411
1229
1388
1605
2528
2870
2287
4275
3114
1291
4055
1419
4021
3890
1522
136
1021
2928
4007
2732
584
850
2568
119
3123
823
1377
3765
1190
2389
2032
1316
440
2118
2659
454
4659
529
1478
1125
34
3444
7843
3607
1436
2557
2636
249
4565
587
1073
2285
197
2044
2865
2489
1761
1979
1308
3421
3511
696
376
493
2760
37
3409
1229
4664
5007
2563
3244
1721
1651
204
3473
175
1146
409
2089
5055
2187
2971
2729
2291
1134
4178
3318
3438
1155
2223
4010
2900
1514
3960
1796
865
194
4194
2239
1398
1799
155
1251
1683
1815
4031
1932
2632
4650
1814
4214
1569
2374
1331
518
1547
2036
2516
27
3501
1371
1345
6359
1943
2436
1594
2993
3285
1799
1852
3592
4215
1635
720
6160
4689
578
3137
351

2154
66
1780
2358
1864
4650
1762
244
1021
3618
940

4773
2768
3072
474
1945
4
31
3318
2187
710
4237
3515
1482
158
4044
2227
4073
1129
1447
1797
1565
5752
1225
4523
4153
30
831
3072
572
443
3514
409
734
92
4137
1842
2157
3799
4351
3646
882
3678
3452
3234
1746
5916
1427
1999
969
927
1925
76
940
2271
2311
2569
1519
1818
2261
3867
941
1515
2752
829
5840
197
2817
3229
2712
168
1845
5504
2680
3362
2421
444
5122
934
4735
1696
4298
1659
2332
1702
3506
5335
2229
2309
3967
3411
2748
2358
640
1839
5242
1428
4336
2290
2133
2943
2286
1620
4065
1473
3056
3327
2815
2453
1284
2901
419
1177
110
130
3100
2214
1563
1847
2146
2543
4723
3667
3878
7463
5639
3065
375
3535
3656
2286
511
43
5639
3952
1950
2665
4876
1175
2024
3580
74
4405
234
196
2295
4678
881
2572
3011
3704
2367
5314
2377
3198
1703
2256
1314
2503
771
210
3456
3122
1951
1452
1599
2454
3398
529
2468
3646
1419
4473
2439
3638
1642
3636
1113
3384
3205
1567
2183
667
1852
621
90
59
795
2852
406
1615
4794
2960
1530
2253
2850
4906
2039
3467
577
2908
13
4491
3200
8614
3931
3629
4231
1964
2984
3761
1909
1495
1599
1971
131
3887
1917
2553
3088
1682
4085
5438
1670
2049
4887
4211
2143
2895
48
1235
3064
2017
2563
1517
2184
2979
2847
1104
1238
797
3559
2604
9488
10607
5125
2729
4069
3512
1876
2683
1747
3909
3788
2876
1859
137
4213
4523
3047
5391
6651
4317
1301
4640
3155
1727
2553
4794
2853
1368
4528
620
3412
10607
1456
1462
    14
4039
1636
3885
2823
5044
1718
397
2314
722
11178
6493
4115
818
1347
1987
2329
2416
2537
3252
2677
2975
3960
1808
3240
2348
3601
961
6061
689
1503
1797
4337
3262
1830
837
1423
629
1702
1671
388
1484
1831
1727
2735
2077
1087
812
2807
2971
73
3224
347
1807
2471
5966
788
918
592
7
2654
5576
2306
2193
3511
1664
331
124
2663
2745
1594
2405
1794
3100
3839
3048
3434
3980
2401
3487
2984
2183
4065
4501
1190
661
398
5680
43
1833
2247
2058
67
4082
2411
1541
2547
4275
1313
3465
4424
3343
9007
1674
1686
4099
1786
4528
1340
5680
4637
2363
215
1929
2266
3217
629
1927
11960
6018
3627
35
2498
4081
2789
1168
6308
139
3448
779
3388
1743
2301
2807
2301
1308
2997
5296
4666
11112
1176
2808
1303
4226
2478
3969
2411
3589
518
1856
9007
2734
3487
1733
1515
4336
1525
1430
2668
31
3030
1934
4054
1334
5778
4619
2926
2528
2915
3594
2159
2558
12
4938
3141
3404
1541
2036
3030
2757
2562
2609
3189
1025
4138
2135
1035
3341
2922
3961
411
3457
4374
1827
6240
4817
1711
1879
904
2041
3734
3814
2654
2317
2869
1685
2922
1885
1377
9488
1905
2467
1861
2516
