OUTLIERS
0
1001
1010
1018
1021
103
1033
1048
1052
1054
1058
10607
1062
1073
1081
1085
1087
11
1103
1104
1107
1113
11178
112
1121
1127
1130
1134
1136
1146
1149
1152
1155
1158
1160
1170
1175
1176
1177
1181
1188
119
1190
1195
11960
12
1211
1212
1215
1217
1218
122
1222
1225
1229
1230
1233
1237
1238
124
1242
1248
125
1250
1251
1252
1256
12625
1263
1281
1284
1292
1295
13
1301
1303
1308
1310
1314
1316
1321
1327
1331
1335
1336
1340
1345
1347
13515
1359
1364
1368
137
1371
1377
1383
13865
1387
1388
139
1392
1398
14
1401
1403
1404
1408
1416
1419
1423
1426
1427
1428
1431
1433
1435
1441
1443
1444
1448
1450
1452
1454
1456
1459
1461
1462
1469
1473
1478
1480
1482
1484
1486
1489
1490
1495
1496
1503
1507
1514
1515
1516
1517
1518
1519
1520
1522
1526
1528
1530
1541
1542
155
1554
1563
1565
1567
1569
157
1570
1571
158
1581
1582
1592
1593
1594
1595
1599
1600
1605
1608
1610
1615
1620
1625
1628
1632
1635
1636
1641
1642
1644
1651
1658
1659
1662
1664
1667
1669
1671
1672
1674
1676
1679
168
1682
1683
1684
1689
1691
1696
1702
1703
1704
1707
1708
1709
1711
1718
1727
1732
174
1745
1746
175
1751
1756
1758
1762
1764
1768
1773
1775
1777
1779
1781
1786
1794
1795
1797
1799
1803
1804
1805
1807
1808
1811
1817
1818
1819
182
1824
1827
1830
1833
1834
1839
1841
1842
1845
1846
1847
1848
1850
1852
1856
1859
186
1861
1865
1867
1868
1869
1876
1879
1880
1885
1891
19
190
1905
1909
191
1915
1916
1917
1918
1925
1927
1929
1932
1933
1934
1939
194
1940
1943
1944
1945
1949
1951
1952
1955
1959
196
1960
1963
1964
1965
1966
197
1970
1971
1978
1980
1983
1984
1986
1995
1996
1997
1998
1999
2
2000
2001
2002
2006
201
2015
2016
2017
2024
2025
2026
2029
2031
2032
2033
2036
2038
2041
2044
2047
2049
2050
2052
2058
2059
206
2075
2077
2080
2088
2089
2090
2092
2093
2095
2097
210
2101
2102
2105
2109
2110
2115
2118
2124
2130
2131
2133
2142
2143
2145
2146
2147
2148
215
2150
2151
2153
2154
2156
2157
2158
2161
2165
2168
2170
2176
2177
2183
2186
2187
2188
2193
2195
22
2203
2204
2205
2210
2214
2219
2223
2227
2235
2236
2237
2239
2241
2247
2248
2253
2256
2258
2266
2271
2276
2277
2280
2281
2285
2286
2287
2290
2292
2295
2296
23
2301
2305
2306
2309
2311
2313
2315
2323
2325
2329
2332
2335
2336
2338
234
2348
2355
2358
2363
2367
2368
2374
2383
2384
2388
2389
2393
24
2411
2414
2416
2421
2424
2426
2430
2431
2436
2439
2440
2451
2453
246
2460
2466
2467
2468
2471
2472
2477
2478
2486
2489
249
2498
25
250
2500
2501
2503
2516
2519
2520
2523
2527
2528
2531
2541
2544
2545
2548
2553
2554
2557
2558
2563
2564
2565
2568
2569
2571
2572
2574
2575
2576
2580
2585
2589
2595
26
2601
2604
2605
2609
2610
2615
2616
2621
2623
2624
2632
2634
2636
2645
2652
2654
2659
2662
2663
2665
2668
2669
2672
2677
2680
2683
2689
2692
2695
2697
2698
2699
2702
2706
2712
2719
2721
2729
2732
2734
2735
2737
2745
2748
2749
2756
2757
2760
2768
2775
2777
2778
2782
2785
2789
2794
2796
2799
28
2801
2802
2807
2815
2820
2822
2823
2824
2830
2835
2837
2838
2840
2842
2844
2846
285
2850
2852
2858
286
2861
2865
2869
2870
2872
2876
2877
2882
2894
2895
29
2900
2901
2908
2920
2921
2922
2926
2928
2931
2932
2939
2943
2948
2951
2954
2959
2960
2967
2971
2975
2979
298
2980
2981
2984
2990
2992
2993
2994
2997
2998
3
30
3004
3007
3011
3015
3030
3032
3039
3047
3048
3053
3055
3056
3060
3062
3064
3065
3066
3069
3072
3077
3084
3088
3090
3099
31
3100
3112
3120
3122
3123
3129
3132
3133
3137
3139
3140
3145
315
3150
3152
3155
3157
3160
3161
3184
3189
3197
3198
32
3200
3205
3207
3210
3212
3214
3217
3221
3224
3228
3229
3233
3234
3240
3241
3244
3252
3254
3257
3261
3262
327
3272
3277
3281
3285
3289
3299
33
3304
3305
3312
3318
3326
3327
3341
3343
3345
3349
3354
3360
3362
3363
3375
3376
3377
3379
3383
3384
3388
3398
3400
3401
3404
3405
3407
3409
3411
3420
3421
3422
3425
3434
3438
3444
3448
3449
3452
3456
3457
3459
3465
3467
347
3470
3473
3474
3476
3485
3487
3488
35
3501
3506
3507
351
3511
3514
3515
3523
3533
3535
3537
354
3541
3546
3559
3569
3573
3574
3580
3588
3589
3592
3594
3598
3599
3607
3608
3611
3614
3618
3627
3629
3636
3638
3641
3646
3647
3649
3656
3666
3667
3668
3669
3670
3676
3678
3680
3683
3687
3690
37
3704
3712
3717
3731
3734
3736
3741
3750
3761
3765
3775
3776
3788
379
3792
3803
3806
3807
3808
3814
3819
3821
3839
3841
3844
385
3851
3858
386
3861
3867
3878
388
3882
3885
3887
3890
3893
3907
3909
3915
3918
3922
3923
393
3931
3948
3952
3959
3960
3961
3962
3967
3969
3980
3988
3993
3996
4
40
4000
4007
4010
4015
4021
4029
4031
4038
4039
404
4044
4054
4055
4056
4058
406
4062
4063
4065
4068
4069
4073
4081
4082
4085
409
4093
4098
4099
4109
411
4111
4115
4137
4138
4143
4152
4153
4162
4169
4178
4183
419
4194
42
4211
4213
4214
4215
4220
4222
4226
4231
4234
424
426
4268
4275
4295
4298
43
4303
4317
4323
4336
4337
4342
4347
435
4351
4356
4374
4378
4380
4385
440
4405
442
4424
443
4433
444
4450
4460
4473
4485
4491
4504
452
4522
4523
4524
4528
4537
454
456
4565
4572
458
4585
460
4602
4606
4618
4619
4621
4626
4632
4637
4639
4640
4650
4656
4664
4666
4670
4678
4685
4689
471
4723
4735
474
4750
4761
4765
4773
4794
48
4804
4816
4817
4828
4831
4876
4897
4906
4907
492
493
4932
5
5002
5007
5029
5044
5049
5055
5059
506
507
5080
5084
509
5094
51
5122
5125
5143
5149
5175
518
5196
520
5211
5242
5243
5265
5288
529
5296
5311
5314
5335
538
5386
5391
5423
5508
5576
5612
5621
5626
5629
5638
5639
5660
567
5673
5680
5705
5711
5713
572
5752
576
577
5773
5778
580
5821
5831
584
5840
5868
587
588
5917
5951
596
5966
599
6
6018
6047
6061
6112
6127
616
6160
617
6170
619
62
620
6206
621
6210
6240
6242
6247
626
6270
629
6308
6312
6317
6359
640
6464
648
6493
6497
657
6585
6651
6653
667
673
6735
68
6804
682
6842
688
690
695
6958
696
697
699
6992
7
7026
7070
710
714
715
720
7208
7291
731
74
740
7414
742
7463
7512
7543
757
760
7631
764
778
779
7843
7867
7872
788
795
796
812
8150
818
819
821
823
829
83
831
8353
837
838
84
841
844
853
8614
8629
868
882
883
889
898
90
9007
909
918
92
920
921
922
925
930
934
940
941
9424
9488
953
957
96
964
972
975
978
979
987
9964

CLUSTER 0 --------------
0
1001
1010
1018
1021
103
1033
1048
1052
1054
1058
10607
1062
1073
1081
1085
1087
11
1103
1104
1107
1113
11178
112
1121
1127
1130
1134
1136
1146
1149
1152
1155
1158
1160
1170
1175
1176
1177
1181
1188
119
1190
1195
11960
12
1211
1212
1215
1217
1218
122
1222
1225
1229
1230
1233
1237
1238
124
1242
1248
125
1250
1251
1252
1256
12625
1263
1281
1284
1292
1295
13
1301
1303
1308
1310
1314
1316
1321
1327
1331
1335
1336
1340
1345
1347
13515
1359
1364
1368
137
1371
1377
1383
13865
1387
1388
139
1392
1398
14
1401
1403
1404
1408
1416
1419
1423
1426
1427
1428
1431
1433
1435
1441
1443
1444
1448
1450
1452
1454
1456
1459
1461
1462
1469
1473
1478
1480
1482
1484
1486
1489
1490
1495
1496
1503
1507
1514
1515
1516
1517
1518
1519
1520
1522
1526
1528
1530
1541
1542
155
1554
1563
1565
1567
1569
157
1570
1571
158
1581
1582
1592
1593
1594
1595
1599
1600
1605
1608
1610
1615
1620
1625
1628
1632
1635
1636
1641
1642
1644
1651
1658
1659
1662
1664
1667
1669
1671
1672
1674
1676
1679
168
1682
1683
1684
1689
1691
1696
1702
1703
1704
1707
1708
1709
1711
1718
1727
1732
174
1745
1746
175
1751
1756
1758
1762
1764
1768
1773
1775
1777
1779
1781
1786
1794
1795
1797
1799
1803
1804
1805
1807
1808
1811
1817
1818
1819
182
1824
1827
1830
1833
1834
1839
1841
1842
1845
1846
1847
1848
1850
1852
1856
1859
186
1861
1865
1867
1868
1869
1876
1879
1880
1885
1891
19
190
1905
1909
191
1915
1916
1917
1918
1925
1927
1929
1932
1933
1934
1939
194
1940
1943
1944
1945
1949
1951
1952
1955
1959
196
1960
1963
1964
1965
1966
197
1970
1971
1978
1980
1983
1984
1986
1995
1996
1997
1998
1999
2
2000
2001
2002
2006
201
2015
2016
2017
2024
2025
2026
2029
2031
2032
2033
2036
2038
2041
2044
2047
2049
2050
2052
2058
2059
206
2075
2077
2080
2088
2089
2090
2092
2093
2095
2097
210
2101
2102
2105
2109
2110
2115
2118
2124
2130
2131
2133
2142
2143
2145
2146
2147
2148
215
2150
2151
2153
2154
2156
2157
2158
2161
2165
2168
2170
2176
2177
2183
2186
2187
2188
2193
2195
22
2203
2204
2205
2210
2214
2219
2223
2227
2235
2236
2237
2239
2241
2247
2248
2253
2256
2258
2266
2271
2276
2277
2280
2281
2285
2286
2287
2290
2292
2295
2296
23
2301
2305
2306
2309
2311
2313
2315
2323
2325
2329
2332
2335
2336
2338
234
2348
2355
2358
2363
2367
2368
2374
2383
2384
2388
2389
2393
24
2411
2414
2416
2421
2424
2426
2430
2431
2436
2439
2440
2451
2453
246
2460
2466
2467
2468
2471
2472
2477
2478
2486
2489
249
2498
25
250
2500
2501
2503
2516
2519
2520
2523
2527
2528
2531
2541
2544
2545
2548
2553
2554
2557
2558
2563
2564
2565
2568
2569
2571
2572
2574
2575
2576
2580
2585
2589
2595
26
2601
2604
2605
2609
2610
2615
2616
2621
2623
2624
2632
2634
2636
2645
2652
2654
2659
2662
2663
2665
2668
2669
2672
2677
2680
2683
2689
2692
2695
2697
2698
2699
2702
2706
2712
2719
2721
2729
2732
2734
2735
2737
2745
2748
2749
2756
2757
2760
2768
2775
2777
2778
2782
2785
2789
2794
2796
2799
28
2801
2802
2807
2815
2820
2822
2823
2824
2830
2835
2837
2838
2840
2842
2844
2846
285
2850
2852
2858
286
2861
2865
2869
2870
2872
2876
2877
2882
2894
2895
29
2900
2901
2908
2920
2921
2922
2926
2928
2931
2932
2939
2943
2948
2951
2954
2959
2960
2967
2971
2975
2979
298
2980
2981
2984
2990
2992
2993
2994
2997
2998
3
30
3004
3007
3011
3015
3030
3032
3039
3047
3048
3053
3055
3056
3060
3062
3064
3065
3066
3069
3072
3077
3084
3088
3090
3099
31
3100
3112
3120
3122
3123
3129
3132
3133
3137
3139
3140
3145
315
3150
3152
3155
3157
3160
3161
3184
3189
3197
3198
32
3200
3205
3207
3210
3212
3214
3217
3221
3224
3228
3229
3233
3234
3240
3241
3244
3252
3254
3257
3261
3262
327
3272
3277
3281
3285
3289
3299
33
3304
3305
3312
3318
3326
3327
3341
3343
3345
3349
3354
3360
3362
3363
3375
3376
3377
3379
3383
3384
3388
3398
3400
3401
3404
3405
3407
3409
3411
3420
3421
3422
3425
3434
3438
3444
3448
3449
3452
3456
3457
3459
3465
3467
347
3470
3473
3474
3476
3485
3487
3488
35
3501
3506
3507
351
3511
3514
3515
3523
3533
3535
3537
354
3541
3546
3559
3569
3573
3574
3580
3588
3589
3592
3594
3598
3599
3607
3608
3611
3614
3618
3627
3629
3636
3638
3641
3646
3647
3649
3656
3666
3667
3668
3669
3670
3676
3678
3680
3683
3687
3690
37
3704
3712
3717
3731
3734
3736
3741
3750
3761
3765
3775
3776
3788
379
3792
3803
3806
3807
3808
3814
3819
3821
3839
3841
3844
385
3851
3858
386
3861
3867
3878
388
3882
3885
3887
3890
3893
3907
3909
3915
3918
3922
3923
393
3931
3948
3952
3959
3960
3961
3962
3967
3969
3980
3988
3993
3996
4
40
4000
4007
4010
4015
4021
4029
4031
4038
4039
404
4044
4054
4055
4056
4058
406
4062
4063
4065
4068
4069
4073
4081
4082
4085
409
4093
4098
4099
4109
411
4111
4115
4137
4138
4143
4152
4153
4162
4169
4178
4183
419
4194
42
4211
4213
4214
4215
4220
4222
4226
4231
4234
424
426
4268
4275
4295
4298
43
4303
4317
4323
4336
4337
4342
4347
435
4351
4356
4374
4378
4380
4385
440
4405
442
4424
443
4433
444
4450
4460
4473
4485
4491
4504
452
4522
4523
4524
4528
4537
454
456
4565
4572
458
4585
460
4602
4606
4618
4619
4621
4626
4632
4637
4639
4640
4650
4656
4664
4666
4670
4678
4685
4689
471
4723
4735
474
4750
4761
4765
4773
4794
48
4804
4816
4817
4828
4831
4876
4897
4906
4907
492
493
4932
5
5002
5007
5029
5044
5049
5055
5059
506
507
5080
5084
509
5094
51
5122
5125
5143
5149
5175
518
5196
520
5211
5242
5243
5265
5288
529
5296
5311
5314
5335
538
5386
5391
5423
5508
5576
5612
5621
5626
5629
5638
5639
5660
567
5673
5680
5705
5711
5713
572
5752
576
577
5773
5778
580
5821
5831
584
5840
5868
587
588
5917
5951
596
5966
599
6
6018
6047
6061
6112
6127
616
6160
617
6170
619
62
620
6206
621
6210
6240
6242
6247
626
6270
629
6308
6312
6317
6359
640
6464
648
6493
6497
657
6585
6651
6653
667
673
6735
68
6804
682
6842
688
690
695
6958
696
697
699
6992
7
7026
7070
710
714
715
720
7208
7291
731
74
740
7414
742
7463
7512
7543
757
760
7631
764
778
779
7843
7867
7872
788
795
796
812
8150
818
819
821
823
829
83
831
8353
837
838
84
841
844
853
8614
8629
868
882
883
889
898
90
9007
909
918
92
920
921
922
925
930
934
940
941
9424
9488
953
957
96
964
972
975
978
979
987
9964

CLUSTER 1 --------------
1
10
1022
104
1046
1060
1120
1122
1125
1163
1168
1185
1200
1216
1224
1275
1276
1282
1289
1306
1313
1317
1384
1407
1411
1417
1447
1453
1483
15
1562
1602
1607
1611
1637
1670
1686
1697
1721
1730
1747
1894
1961
2022
2048
2100
2159
2201
2314
2420
244
2444
2538
2543
2547
2629
27
2752
2763
2817
2826
2832
2972
3134
3144
3171
3408
3412
3508
3512
3692
370
3799
3802
382
3947
397
4187
4237
4280
4307
4501
4659
469
4938
511
5186
5438
5516
5616
5916
6120
6182
632
6393
6598
66
661
6752
709
7192
725
7325
8
822
828
865
961
968
98

CLUSTER 2 --------------
1025
1035
1036
1038
10472
1076
110
11112
1129
1186
1196
1235
1268
127
1356
1372
1380
1381
1395
1432
144
147
1481
1488
1497
1547
1646
1739
1750
1761
1923
1979
2037
2039
21
217
2251
2261
2291
2333
2377
2401
2461
2562
2626
2718
2795
2806
2847
2915
2996
300
3096
3141
3199
331
3454
3477
3521
3532
3549
3554
358
3601
3686
375
3783
38
3804
402
4041
4097
4118
4224
4276
430
450
4555
4775
4887
49
55
5504
553
56
5754
59
5930
6075
61
611
6313
65
6558
6712
743
761
826
833
849
912
917
927
9343
969

CLUSTER 3 --------------
1135
1204
1210
1213
1257
1298
130
131
1323
136
1430
1464
15164
1531
1657
1660
1661
1688
1780
179
1828
1887
1899
1914
1936
1942
204
2045
2233
2308
2326
2400
2405
2458
2537
2631
2851
2946
2947
3101
3114
3350
34
3416
3528
3785
3845
3926
398
4158
4367
451
4743
645
666
751
76
771
800
9
904
954
99
998

CLUSTER 4 --------------
1044
1145
1194
1214
135
1393
1413
1425
1485
1525
1663
1699
17
1796
1821
1987
2057
2112
2283
236
238
2594
2633
2685
2808
281
334
3906
4102
4339
437
4441
578
67
6914
722
797
850
881
944

CLUSTER 5 --------------
1040
1123
1153
1305
1339
1575
1647
1712
1733
18
1814
1815
1921
2068
2135
2229
2302
256
2578
270
2714
2769
311
3269
366
376
47
537
546
592
73
758
777
989

CLUSTER 6 --------------
129
1351
1645
1772
1816
1853
1863
1950
1974
2454
3773
414
4475
54
817
890
91
977

